9.700059063406165194e+00
7.160697239012800530e+00
1.175729898673265161e+01
7.316993031808305403e+00
1.760837672466491810e+01
6.243716359872137467e+00
7.647896189241603970e+00
8.115696696519426823e+00
8.753099576426016881e+00
6.353181081335718794e+00
5.439769448093189297e+00
6.746627178103392630e+00
8.243846923892016676e+00
9.515894047007996903e+00
9.070135038659904225e+00
9.597304011365686449e+00
8.700420322548737317e+00
1.246818753530646973e+01
9.111572323364354631e+00
9.516698945710361457e+00
7.470665472219453207e+00
1.112798155036250236e+01
8.383540434792557505e+00
6.989639594213010731e+00
6.067812751494227719e+00
5.830330213669709494e+00
1.479383550256401314e+01
6.123130319056659054e+00
1.411084391950211092e+01
5.408578056551278657e+00
9.769436307429693045e+00
7.962145645362519453e+00
7.638537910498224726e+00
1.116039338945857118e+01
1.040671371519634647e+01
1.257751046001100370e+01
8.413185100452055920e+00
6.821674288450383372e+00
1.024068384425898159e+01
5.735882386131192945e+00
4.689707300272186963e+00
1.254224360798952986e+01
6.623326227047442671e+00
8.745800468551552243e+00
1.508915135430113885e+01
1.030709537906883000e+01
1.007628918867762913e+01
7.439673554934127964e+00
8.166653832059157736e+00
1.191340949899207402e+01
7.635125499995813136e+00
9.094241694803612219e+00
9.998315292434995172e+00
6.386336482591958408e+00
1.352155303888710947e+01
7.666948413765219073e+00
6.857851609008336347e+00
1.022109710714620157e+01
9.576715824144599765e+00
9.912251770211216950e+00
7.277863295363812490e+00
7.945979250210554845e+00
1.395834153548551804e+01
6.581793931153161026e+00
1.623715551805271318e+01
6.479798406251489062e+00
8.435740513025018927e+00
5.681161807853899681e+00
1.308587559327614969e+01
8.394859355631883346e+00
5.729746636239667623e+00
1.417322417437845239e+01
7.922147757356723830e+00
1.042833831936893141e+01
1.309038529588397282e+01
1.371262268064121059e+01
5.911297683026897509e+00
1.220278599015653320e+01
7.029158119561657259e+00
7.017535272869395158e+00
1.089310177402014546e+01
1.105946483621903020e+01
1.493042832128015363e+01
4.910969952166269081e+00
4.903940845208860644e+00
7.909830243759357060e+00
1.986149118645322886e+01
4.037381948106465224e+00
1.574377804193765940e+01
9.183722003248165677e+00
6.070756474250022627e+00
7.016843370546349767e+00
7.702162688990060957e+00
5.919682312810044422e+00
1.500168823594171919e+01
7.357443290775071532e+00
9.161759128779733530e+00
9.063618738534852781e+00
8.828247625625454731e+00
1.539454155366126997e+01
9.939693214213521699e+00
1.771321082560513460e+01
1.105542055098976384e+01
1.215357720088880811e+01
9.245751767370752106e+00
4.309231051846396987e+00
8.840244009084948118e+00
6.846055834256214112e+00
8.594633118738070010e+00
1.027078751549513846e+01
7.998916431636088120e+00
1.007696963702241710e+01
6.303546772879480287e+00
9.912516225043846774e+00
1.330035283332734686e+01
1.760620624160829806e+01
1.372387038737395137e+01
1.204801285779833897e+01
7.761726563440459969e+00
9.857877514999554336e+00
9.153358977418807996e+00
1.106115650707437936e+01
6.018676090963038128e+00
8.905154955598392874e+00
6.144112888453917343e+00
1.290373053329588870e+01
1.239962846557319232e+01
1.365907657885226989e+01
9.134769374716940504e+00
7.485036045512331704e+00
5.134658276321488302e+00
6.234115183269051563e+00
6.012152480640928331e+00
1.483368600514559787e+01
9.506498152022361481e+00
1.275471773498200179e+01
1.680283232835497387e+01
7.102481132279271137e+00
1.025680167200029658e+01
1.213325866119503438e+01
1.348113420504656546e+01
1.039461252471793529e+01
1.453033525306245899e+01
1.052569798684999469e+01
1.769487975546659442e+01
9.421640304527377552e+00
1.530921530481391279e+01
1.213285496725698920e+01
5.416675738530531525e+00
8.872177019108445251e+00
8.416721986218528073e+00
9.026349049349768450e+00
1.506941208801865528e+01
1.249665939631133682e+01
1.201293149822827111e+01
6.844507215315057458e+00
7.606568147450623485e+00
7.980188676759315314e+00
4.942960737169576291e+00
5.308056760714005229e+00
4.712474702202375632e+00
9.164277818940298914e+00
9.051749646358096868e+00
8.141483771607129327e+00
7.421146374682970226e+00
1.147933775347705421e+01
1.475402136763012706e+01
7.802831670876214432e+00
1.118315935343456147e+01
1.078774943149071319e+01
1.537330843391491619e+01
1.001691649002814444e+01
5.331779866135570423e+00
1.149785783190292499e+01
1.585284839815822089e+01
5.948711160782972129e+00
1.659794715373341845e+01
1.283527722820423378e+01
6.146587956238915851e+00
9.224196374384639796e+00
1.491851455971246310e+01
1.397968830256713524e+01
1.026573391942540070e+01
6.655435743358631306e+00
9.984744795207127765e+00
8.798632040578624469e+00
9.074652423712983307e+00
8.457646172396358963e+00
7.899233133950022356e+00
5.375147823932604929e+00
1.030067012566031259e+01
1.367490373963930672e+01
6.885660783019874387e+00
5.891919614915452463e+00
6.602418925713894104e+00
6.957012281674602505e+00
1.234366221687814225e+01
1.143406701578650519e+01
1.137510210273090827e+01
1.283640552490792253e+01
5.647832507654257483e+00
4.335094497703392058e+00
5.718392875893409055e+00
8.874952539012296526e+00
9.028345547537249161e+00
6.830199995824384196e+00
9.974555518191614567e+00
7.051990080664358729e+00
7.625685899403300105e+00
6.808501783828096343e+00
1.034727165128752269e+01
5.829360807883471551e+00
6.850751362236127129e+00
7.776666718763101116e+00
4.991393106524593115e+00
8.995696362588089912e+00
4.974896010291049997e+00
8.448895774430086547e+00
5.232271209697675118e+00
6.650007844870146734e+00
9.244573492837591999e+00
1.418107366446716888e+01
1.224998439063579703e+01
8.444600346117836054e+00
7.542391268978784424e+00
1.109088865640005395e+01
1.149019370446253241e+01
8.287699156844832160e+00
6.309244674923272456e+00
1.095950767305375706e+01
8.715638757450680174e+00
6.481186168713218620e+00
1.121297628420014370e+01
1.188263263672007852e+01
5.690622708250738349e+00
8.548823260796789114e+00
6.028279410191387022e+00
1.101529102194244558e+01
1.009496640413427926e+01
1.890456293501460650e+01
9.387426704535480226e+00
6.425646484533203306e+00
9.817691145551792786e+00
8.855298608109128722e+00
1.087541667816295998e+01
1.110995322292749421e+01
9.037443243305133933e+00
6.754392688491053676e+00
1.191397689406377047e+01
9.627786779273391105e+00
