8.406634816884672734e-02
4.129186151952804473e-01
2.120534188803328834e-01
6.149293616079298808e-02
4.315978548910845425e-01
1.893035396669136283e-01
9.996433198557963529e-01
1.702457656294791566e-01
4.519933768841364469e-02
3.194020061192681115e-01
8.111579788354923437e-01
6.291146767938639306e-02
2.776274057127275374e-01
1.719180891916045895e-01
9.386534899931565645e-01
6.157979631844370805e-02
2.135947727888231340e-01
3.054760164461643446e-01
7.763845921024957741e-01
1.798378831426203639e-01
2.535644036710840710e-01
4.600787849414589292e-02
1.910246674207049244e-01
3.626343881340993724e-01
1.160257860228798149e-01
3.033517214286333141e-01
4.169148769840032021e-01
3.643720359293839417e-02
3.279523376630478354e-02
1.251019367126094128e-01
4.885700587689243563e-02
8.194886247775973187e-02
4.177379618405720890e-02
2.282839846912528003e-01
7.360779288211571902e-01
3.600490583465993932e-01
7.448938352730836987e-02
4.664325224125743241e-01
1.011231903647200059e-01
4.914179636945927021e-02
2.396056656180392819e-01
4.269532343568163690e-01
7.976414136293927259e-02
9.609733315585786140e-02
9.141270344272927062e-01
4.391963203340491090e-02
1.645849200490587805e-01
8.693079683421375825e-02
7.193496795599238491e-02
2.409612175540329915e-01
9.997941310216545974e-01
1.934333622285212551e-01
9.996682865047338273e-01
3.897374724701915816e-01
8.514472801098885713e-01
8.966768465780646791e-01
7.198050932091556442e-01
6.049690064770881781e-01
6.426108618557538898e-01
9.495234658319530174e-01
8.273452617206761284e-01
8.427567097767326709e-01
1.821783976508639658e-01
8.805763809265526598e-01
9.642974494522670303e-01
6.514282611959687497e-01
8.286521208662465110e-01
9.985917936931424377e-01
3.794828641199970987e-01
9.480541766586768615e-01
9.773392528832248738e-01
3.119623346233108552e-01
6.299526799449216563e-01
4.263426030366944119e-01
8.018418869937338211e-01
9.912231389355453670e-01
7.102822365065800669e-01
4.703729394389646878e-01
9.819284651357964577e-01
2.500511096484191453e-01
1.604093748838755495e-01
9.998584142822202203e-01
9.680090907440415116e-01
9.341742096030924980e-01
5.085879030586791805e-01
8.777661782617092179e-01
8.044826525821079377e-01
6.496617022855414314e-01
7.522820395751045330e-01
9.999445987657474832e-01
2.344716534552384879e-01
7.143897180667656555e-01
6.949998704093278690e-01
8.038108551763553100e-01
8.351037028078273083e-01
5.221790105840380392e-01
5.032030555899003055e-01
7.230814195355025342e-01
9.979249826241161081e-01
4.143611865419221663e-01
