1.851530886859569514e-01
1.222261894994890741e-01
1.209326808868826791e-01
1.229909291163464591e-01
9.454359181039484472e-01
9.165540899229644989e-01
3.094926308051243469e-01
9.392155180342739995e-03
2.277062626472897422e-01
1.894689163220846795e-01
1.698977795285382675e-01
1.205549040405572703e-01
8.263974486717142742e-01
9.191927620739043236e-02
8.514872856681986457e-01
3.995646577514956610e-02
2.917614383601074279e-01
1.512008244219374964e-01
2.710203957447476220e-01
6.284260091943714988e-02
1.452324108723564711e-01
2.211168332514917290e-01
1.218765829433954007e-01
4.466835601083818386e-02
2.214643768316675865e-01
2.224637223912244999e-01
3.786759783842768012e-01
9.818885789870637759e-02
9.857949220843693905e-02
1.151977634062216899e-01
4.123106981221551504e-01
5.835064159304952369e-01
7.025074716545301468e-02
1.850756658823713430e-01
7.402440464489540295e-02
2.901952586776390675e-01
3.641177379270745251e-01
2.809725017634779887e-01
1.040131757608471347e-01
1.823612656232283247e-02
2.286782176599248539e-01
6.821132889704138724e-02
2.030397420453411150e-01
3.157259476810608811e-01
8.923080066604693883e-02
2.238564320568302013e-01
2.563487059497585596e-01
3.703837863275924458e-02
1.411972701587043411e-01
1.569944377674500624e-01
9.316695628640707660e-01
7.357446739952384629e-01
7.831777271513722383e-01
8.591162402343218707e-01
5.865361058929167148e-01
8.449531844676817505e-01
9.095224370268180092e-01
6.674434482514455258e-01
6.506433559340815131e-01
9.565050699362732667e-01
8.960632427295456282e-01
4.227538799060859831e-01
9.772756091256636912e-01
6.751835500609278951e-01
5.098884561295339291e-01
9.794085073345153436e-01
9.523572324021106761e-01
8.124355933728445445e-01
9.020449090658634317e-01
4.217484720540605747e-01
6.251461484973713789e-01
4.784009975691621008e-01
3.510533885950199995e-01
9.847482603235518939e-01
2.576553852565085512e-01
8.464755461282756910e-01
8.243098301589912857e-01
7.247787382829795622e-01
8.403019630190425304e-02
7.631089799106418603e-01
7.533494253895356429e-01
8.901898190268965338e-01
8.929799706577554730e-01
9.624091403648957765e-01
7.664628219308882162e-01
9.546987655914268567e-01
9.955759498883989256e-01
4.096350321450860088e-01
9.808830427974049027e-01
8.974363103274255460e-01
7.351934733575745673e-01
4.907168531077004681e-01
5.643478133318385881e-01
8.608290240058614762e-01
2.192081369140439218e-01
9.476373667313898741e-01
8.909187568938461421e-01
6.730877597622371145e-01
8.272596037404124081e-01
9.787455010022287905e-01
