1.283198255326062354e-01
1.738786468630435216e-04
2.628616200436272981e-05
6.745862370340670116e-05
2.116519545772760672e-04
2.102915646926378692e-03
5.738194773858974577e-04
5.684753411139275786e-08
5.872437169483087603e-04
4.099739313762806207e-06
1.094007086160928358e-04
2.969706797486205887e-04
1.872302528647344600e-03
3.481551633606986694e-04
4.778459139430447931e-06
8.456292490373783222e-02
2.074927514042638679e-05
1.449318596895699849e-05
2.066764381647594618e-03
1.502382089001050683e-06
6.764504613020134921e-07
8.851553303005317086e-04
4.831179787505446711e-04
1.151497952208097378e-02
1.387326768793657746e-07
4.298438306882944991e-08
2.341358950129989762e-05
1.691221289623491553e-02
1.597926280251587441e-05
9.293103040258638980e-01
4.166672848321901178e-03
2.791364124584632089e-05
8.766800412256960870e-07
1.311100370407697265e-05
5.492454493753671542e-03
1.132832242235024640e-03
3.181500120255763286e-02
4.274041490936154597e-01
4.524184248719387557e-05
1.116718634292165168e-05
1.037044104737285671e-03
2.469580953459292138e-05
2.016102579336182499e-06
3.173014936055647099e-03
5.574811146090053620e-05
3.770944566197763186e-03
2.494067194012170782e-06
2.790433350324272835e-08
1.715941379219712722e-04
9.586102546454199347e-01
1.283492462635273633e-03
2.775878567765354896e-02
8.772776817178958757e-06
1.438254717333846758e-03
1.466806665781916763e-02
6.690590165303132076e-07
5.405449668892305798e-04
7.238548361009081384e-04
1.170323291105169940e-03
1.124455211366889087e-04
3.378878174903190220e-04
2.571570316568683070e-05
5.845300632370758637e-08
9.974853356047537201e-01
9.706498961674796533e-01
8.010137366894902744e-01
7.793228220555584729e-01
9.927866492339303406e-01
9.444125570138336423e-01
9.995891487163572897e-01
9.999629325392511703e-01
9.987704912576459426e-01
9.971563887110063140e-01
9.812635565716060215e-01
9.956939438972027823e-01
7.461721728801230524e-01
9.829576717442477518e-01
9.794815514524232158e-01
9.985459221612040803e-01
5.076025055882953385e-01
9.927494827238209085e-01
9.999648199712509733e-01
9.986654175319098492e-01
9.926752176594322297e-01
9.610750827713087086e-01
6.592518333709881384e-01
9.889272960814706748e-01
9.964315807297629002e-01
9.998431649584581526e-01
9.837682072626571239e-01
8.024469246167678094e-01
9.928018943808616381e-01
9.573020839867455445e-01
9.957303140863767998e-01
9.520298974996623809e-01
9.998317998839221232e-01
9.986927259619509112e-01
9.243203095369543210e-01
9.997083629554573969e-01
9.994175353854172217e-01
9.998625720922660332e-01
9.852001667654410877e-01
9.798330637640976226e-01
9.993487651665007299e-01
6.810880351894500473e-01
9.873120834467777884e-01
9.744315343439652333e-01
9.985445919657374159e-01
9.291745144841965232e-01
9.192309722402857153e-01
9.994105443472287575e-01
8.709931757358381210e-01
9.923378421783983772e-01
9.112070021972025202e-01
5.308381444876753008e-01
9.942708991275632791e-01
9.992031596992786424e-01
9.046826787619792754e-01
9.992938730988151219e-01
9.876355554997231501e-01
9.661022343389445988e-01
9.902534441614124772e-01
9.084812181763997074e-01
9.990352946047489358e-01
9.997876325790868712e-01
2.251874359644111534e-01
