5.824954649169312298e-02
7.611153027313438679e-03
6.980051004611130192e-03
1.196794141527269921e-02
1.201547822906163555e-02
2.680575024085006877e-02
1.395424636007778010e-02
7.370954843410136960e-04
2.288173901561434825e-02
4.393553523895471838e-03
8.938086213546903719e-03
9.543866097205115293e-03
1.183915394663321956e-02
1.239034483769309997e-02
3.762941834372909855e-03
8.499331247146321711e-02
3.231196702558027361e-03
7.151410001339973677e-03
1.820197950322668262e-02
2.322189297664286993e-03
2.490650496556154336e-03
2.510563198998397999e-02
1.400117606790868795e-02
1.847818446453241073e-02
1.222516538016658449e-03
1.553601295661170617e-03
5.696248937232081984e-03
4.433267206214722839e-02
3.142319837882342690e-03
1.015690962746219200e-01
1.517248451451942183e-02
2.990927768483934903e-03
1.251621824641124337e-03
3.664115018592253945e-03
3.739723487563224175e-02
1.241120405400330216e-02
3.644233431860049999e-02
4.845695082572044204e-02
4.327483043285135049e-03
4.574443604829129574e-03
1.239343137441354173e-02
5.074623528595200057e-03
1.987617702123671386e-03
1.895886273485141924e-02
1.206134983482341771e-02
1.935862266438945906e-02
3.107377538170513938e-03
1.057438152579177545e-03
8.488620864543595240e-03
2.023886754185054981e-01
1.084892716866155821e-02
2.141398617995163636e-02
5.052715826710493623e-03
2.183860284919286396e-02
1.190408480934719571e-02
1.399569783817555596e-03
1.290818391990006080e-02
9.683330932651073100e-03
1.801382393620434494e-02
1.017532588138086655e-02
5.124025498083295029e-03
3.741862820367667774e-03
7.585285345294704492e-04
2.217959326045371438e-01
1.311340751189705167e-01
1.068102155750660920e-01
1.011189793787317243e-01
1.289233598625066923e-01
1.228160858383755272e-01
2.551679341373714327e-01
3.847123839131049716e-01
2.059575303622405706e-01
1.994744598874542141e-01
1.552021465468257921e-01
2.128640520201180164e-01
9.946533743327230781e-02
1.531329745786578767e-01
1.261353506575543793e-01
1.661624010216007363e-01
6.806368980174758165e-02
1.559083122359508911e-01
3.931323810202967395e-01
2.085232100122804966e-01
1.727358617015329612e-01
1.045070698019986422e-01
9.392167053217750916e-02
1.166916279207803470e-01
1.855012221187561094e-01
2.777264719158359374e-01
1.661597556880821946e-01
1.084037011582831833e-01
1.591612678133570435e-01
1.254164372508968783e-01
1.710497485570041387e-01
1.371204099670755294e-01
2.409045733673157719e-01
1.992884860734872032e-01
1.060367291999207706e-01
1.898103096566235992e-01
2.314278673697626743e-01
2.946350863104087447e-01
1.601005794133811277e-01
1.439966499669630418e-01
2.281097562443541171e-01
7.459782293171052237e-02
1.452991959589886306e-01
1.538055351954781269e-01
2.029999875428696587e-01
1.210829354032579575e-01
9.232461971231618880e-02
2.246659914014293713e-01
8.470173427027016810e-02
1.892526970386672336e-01
9.621008059907561194e-02
7.519562960915003591e-02
2.145021312083111031e-01
2.673382716008817495e-01
1.222209161870465438e-01
2.150738668965187506e-01
1.571001268368227843e-01
1.388186728091618805e-01
1.394299949150494544e-01
1.134401858811571184e-01
1.861147605014392969e-01
2.775067559578573428e-01
5.362065523006421391e-02
